100
20
-5483921
9274612
-3847562
6591834
-1928374
8746291
-7362518
5437281
-9182736
4526378
-1234567
7890123
-4567890
2345678
-7890123
5678123
-3456789
8765432
-9128374
5432167
-7345621
9234712
-1289345
6574839
-3456789
8765432
-9128374
5432167
-7890123
2345678
-4567890
1234567
-8901234
5678123
-2345678
9012345
-6789012
3456789
-8123456
7890123
-4567890
2345678
-7890123
5678123
-3456789
8765432
-9128374
5432167
-7345621
9234712
-1289345
6574839
-3456789
8765432
-9128374
5432167
-7890123
2345678
-4567890
1234567
-8901234
5678123
-2345678
9012345
-6789012
3456789
-8123456
7890123
-4567890
2345678
-7890123
5678123
-3456789
8765432
-9128374
5432167
-7345621
9234712
-1289345
6574839
-3456789
8765432
-9128374
5432167
-7890123
2345678
-4567890
1234567
-8901234
5678123
-2345678
9012345
-6789012
3456789
-8123456
7890123
-4567890
2345678
-7890123
5678123