180
50
-7123456
8234567
-9345678
1456789
-2567890
3678901
-4789012
5890123
-6901234
7012345
-8123456
9234567
-9345678
1456789
-2567890
3678901
-4789012
5890123
-6901234
7012345
-8123456
9234567
-9345678
1456789
-2567890
3678901
-4789012
5890123
-6901234
7012345
-8123456
9234567
-9345678
1456789
-2567890
3678901
-4789012
5890123
-6901234
7012345
-8123456
9234567
-9345678
1456789
-2567890
3678901
-4789012
5890123
-6901234
7012345
-8123456
9234567
-9345678
1456789
-2567890
3678901
-4789012
5890123
-6901234
7012345
-8123456
9234567
-9345678
1456789
-2567890
3678901
-4789012
5890123
-6901234
7012345
-8123456
9234567
-9345678
1456789
-2567890
3678901
-4789012
5890123
-6901234
7012345
-8123456
9234567
-9345678
1456789
-2567890
3678901
-4789012
5890123
-6901234
7012345
-8123456
9234567
-9345678
1456789
-2567890
3678901
-4789012
5890123
-6901234
7012345
-8123456
9234567
-9345678
1456789
-2567890
3678901
-4789012
5890123
-6901234
7012345
-8123456
9234567
-9345678
1456789
-2567890
3678901
-4789012
5890123
-6901234
7012345
-8123456
9234567
-9345678
1456789
-2567890
3678901
-4789012
5890123
-6901234
7012345
-8123456
9234567
-9345678
1456789
-2567890
3678901
-4789012
5890123
-6901234
7012345
-8123456
9234567
-9345678
1456789
-2567890
3678901
-4789012
5890123
-6901234
7012345
-8123456
9234567
-9345678
1456789
-2567890
3678901
-4789012
5890123
-6901234
7012345
-8123456
9234567
-9345678
1456789
-2567890
3678901
-4789012
5890123
-6901234
7012345
-8123456
9234567
-9345678
1456789
-2567890
3678901
-4789012
5890123
-6901234
7012345